Date,Facebook,Pinterest,Twitter,Instagram,YouTube,Tumblr,reddit,VKontakte,LinkedIn,news.ycombinator.com,Other
2019-09,72.94,13.18,6.56,2.42,3.67,0.5,0.23,0.28,0.18,0.02,0.03
2019-10,67.73,11.08,10.57,5.74,3.71,0.45,0.27,0.24,0.16,0.02,0.04
2019-11,66.01,11.63,11.49,6.5,3.28,0.41,0.25,0.22,0.14,0.01,0.05
2019-12,64.22,10.97,12.96,7.05,3.79,0.37,0.27,0.2,0.1,0.01,0.04
2020-01,61.3,11.45,14.51,8.4,3.33,0.39,0.29,0.15,0.12,0.01,0.04
2020-02,62.11,10.7,14.44,8.9,2.91,0.37,0.27,0.15,0.12,0.01,0.02
2020-03,64.99,8.31,14.29,8.54,3.1,0.28,0.23,0.12,0.12,0.01,0.02
2020-04,60.15,10.46,15.48,8.73,4.2,0.36,0.35,0.12,0.12,0.01,0.02
2020-05,72.02,13.49,6.2,1.48,5.58,0.5,0.39,0.14,0.16,0.02,0.02
2020-06,74,12.11,6.5,1.2,4.99,0.53,0.37,0.1,0.18,0.01,0.02
2020-07,74.17,11.68,6.78,1.35,4.86,0.44,0.37,0.1,0.2,0.02,0.02
2020-08,75.15,11.51,6.41,1.42,3.62,0.45,0.31,0.87,0.23,0.01,0.02
2020-09,74.59,11.58,6.88,1.58,3.99,0.54,0.34,0.23,0.23,0.02,0.02
